73.0000000000016 0.0
70.00000000000313 0.0
79.00000000000163 0.0
70.00000000000232 0.0
76.00000000000611 0.0
78.00000000000735 0.0
71.00000000000361 0.0
79.00000000000064 0.0
77.0000000000039 0.0
78.00000000000094 0.0
76.00000000000203 0.0
81.99999999999964 0.0
83.00000000000233 0.0
78.99999999999955 0.0
76.00000000000385 0.0
72.00000000000273 0.0
75.00000000000142 0.0
74.00000000000328 0.0
67.99999999999717 0.0
61.999999999999815 0.0
73.99999999999746 0.0
73.99999999999667 0.0
79.99999999999898 0.0
86.99999999999956 0.0
92.9999999999953 0.0
100.99999999999609 0.0
103.99999999999815 0.0
150.00000000000279 0.0
149.99999999999844 0.0
149.999999999996 0.0
149.99999999999685 0.0
149.9999999999967 0.0
149.99999999999704 0.0
149.99999999999983 0.0
149.99999999999562 0.0
150.00000000000054 0.0
149.99999999999747 0.0
149.99999999999818 0.0
149.99999999999542 0.0
149.99999999999457 0.0
149.99999999999588 0.0
149.99999999999332 0.0
150.00000000000017 0.0
149.99999999999895 0.0
149.99999999999724 0.0
149.9999999999985 0.0
149.99999999999764 0.0
150.00000000000202 0.0
150.00000000000125 0.0
149.99999999999943 0.0
149.99999999999972 0.0
149.99999999999926 0.0
150.0000000000037 0.0
149.99999999999946 0.0
150.00000000000523 0.0
149.99999999999974 0.0
150.0000000000022 0.0
150.00000000000176 0.0
150.00000000000108 0.0
149.99999999999758 0.0
149.9999999999967 0.0
149.99999999999943 0.0
150.00000000000117 0.0
150.00000000000188 0.0
150.00000000000009 0.0
150.00000000000193 0.0
149.9999999999976 0.0
149.99999999999937 0.0
64.99999999999991 0.0
64.00000000000061 0.0
60.99999999999826 0.0
72.99999999999883 0.0
71.0000000000012 0.0
78.99999999999933 0.0
75.99999999999734 0.0
81.00000000000081 0.0
79.00000000000081 0.0
79.99999999999932 0.0
84.00000000000131 0.0
87.00000000000057 0.0
81.99999999999878 0.0
78.00000000000114 0.0
90.00000000000207 0.0
81.9999999999993 0.0
84.00000000000061 0.0
81.00000000000351 0.0
81.0000000000056 0.0
81.99999999999955 0.0
80.00000000000321 0.0
86.99999999999868 0.0
76.00000000000247 0.0
81.0000000000017 0.0
82.0000000000034 0.0
80.00000000000115 0.0
83.00000000000138 0.0
81.99999999999639 0.0
81.99999999999478 0.0
77.99999999999591 0.0
79.99999999999773 0.0
85.00000000000365 0.0
84.00000000000281 0.0
84.00000000000472 0.0
85.00000000000136 0.0
88.00000000000017 0.0
89.00000000000215 0.0
88.99999999999996 0.0
88.00000000000293 0.0
87.00000000000449 0.0
91.99999999999996 0.0
88.9999999999996 0.0
89.99999999999963 0.0
94.99999999999805 0.0
94.00000000000396 0.0
99.00000000000256 0.0
103.99999999999686 0.0
99.00000000000186 0.0
97.00000000000153 0.0
86.00000000000263 0.0
88.00000000000585 0.0
87.00000000000384 0.0
92.00000000000654 0.0
152.00000000000225 0.0
205.00000000000568 0.0
193.0000000000046 0.0
176.9999999999993 0.0
164.0000000000037 0.0
153.00000000000327 0.0
121.00000000000243 0.0
105.00000000000362 0.0
94.00000000000564 0.0
80.00000000000256 0.0
79.00000000000234 0.0
77.00000000000139 0.0
77.00000000000321 0.0
90.00000000000074 0.0
86.999999999994 0.0
91.00000000000199 0.0
91.00000000000131 0.0
84.00000000000205 0.0
86.9999999999989 0.0
88.00000000000391 0.0
88.00000000000338 0.0
84.00000000000286 0.0
90.99999999999984 0.0
99.99999999999764 0.0
92.9999999999981 0.0
83.99999999999922 0.0
94.99999999999974 0.0
104.99999999999943 0.0
88.9999999999968 0.0
74.99999999999554 0.0
86.99999999999508 0.0
101.00000000000017 0.0
106.00000000000182 0.0
98.99999999999952 0.0
84.00000000000553 0.0
91.00000000000277 0.0
105.9999999999982 0.0
115.00000000000112 0.0
108.00000000000009 0.0
106.99999999999268 0.0
103.9999999999962 0.0
111.99999999999514 0.0
113.99999999999748 0.0
121.99999999999963 0.0
109.00000000000317 0.0
101.99999999999616 0.0
98.99999999999757 0.0
106.9999999999954 0.0
113.99999999999605 0.0
119.00000000000121 0.0
101.00000000000374 0.0
93.99999999999946 0.0
87.99999999999669 0.0
105.00000000000007 0.0
107.00000000000186 0.0
110.00000000000146 0.0
111.99999999999726 0.0
113.99999999999518 0.0
110.99999999999534 0.0
120.99999999999615 0.0
111.99999999999682 0.0
105.99999999999623 0.0
106.99999999999716 0.0
101.9999999999997 0.0
105.9999999999999 0.0
116.0000000000001 0.0
110.99999999999586 0.0
104.99999999999831 0.0
93.99999999999685 0.0
86.99999999999443 0.0
93.99999999999639 0.0
100.0000000000017 0.0
96.0000000000029 0.0
85.00000000000144 0.0
89.00000000000288 0.0
117.00000000000249 0.0
141.0000000000001 0.0
158.00000000000068 0.0
152.99999999999696 0.0
160.0 0.0
149.00000000000117 0.0
168.00000000000415 0.0
168.999999999995 0.0
158.99999999999866 0.0
164.00000000000026 0.0
170.99999999999955 0.0
169.00000000000233 0.0
149.00000000000324 0.0
